0 0 38469 
1 38469 30935 
2 69404 30723 
3 100127 30454 
4 130581 30051 
5 160632 28638 
6 189270 27032 
7 216302 25969 
8 242271 25810 
9 268081 25798 
10 293879 24567 
11 318446 23603 
12 342049 23249 
13 365298 22925 
14 388223 22571 
15 410794 22098 
16 432892 21767 
17 454659 20496 
18 475155 20244 
19 495399 20153 
20 515552 20093 
21 535645 19884 
22 555529 19789 
23 575318 19814 
24 595132 19686 
25 614818 19511 
26 634329 19551 
27 653880 19463 
28 673343 19366 
29 692709 19290 
30 711999 19092 
31 731091 19034 
32 750125 18949 
33 769074 18595 
34 787669 18443 
35 806112 18380 
36 824492 18324 
37 842816 18049 
38 860865 17884 
39 878749 17842 
40 896591 17721 
41 914312 17053 
42 931365 16461 
43 947826 16386 
44 964212 16316 
45 980528 16003 
46 996531 15915 
47 1012446 15929 
48 1028375 15864 
49 1044239 15613 
50 1059852 15566 
51 1075418 15576 
52 1090994 15504 
53 1106498 15393 
54 1121891 15322 
55 1137213 15284 
56 1152497 15115 
57 1167612 15078 
58 1182690 14984 
59 1197674 14790 
60 1212464 14661 
61 1227125 14616 
62 1241741 14616 
63 1256357 14516 
64 1270873 14180 
65 1285053 14081 
66 1299134 13967 
67 1313101 13781 
68 1326882 13765 
69 1340647 13748 
70 1354395 13751 
71 1368146 13719 
72 1381865 13672 
73 1395537 13686 
74 1409223 13639 
75 1422862 13567 
76 1436429 13561 
77 1449990 13390 
78 1463380 13313 
79 1476693 13155 
80 1489848 13045 
81 1502893 12992 
82 1515885 12943 
83 1528828 12967 
84 1541795 12902 
85 1554697 12863 
86 1567560 12850 
87 1580410 12852 
88 1593262 12604 
89 1605866 12577 
90 1618443 12577 
91 1631020 12491 
92 1643511 12485 
93 1655996 12440 
94 1668436 12283 
95 1680719 12283 
96 1693002 12279 
97 1705281 12227 
98 1717508 12143 
99 1729651 11928 
100 1741579 11967 
101 1753546 11774 
102 1765320 11634 
103 1776954 11617 
104 1788571 11640 
105 1800211 11638 
106 1811849 11606 
107 1823455 11552 
108 1835007 11583 
109 1846590 11545 
110 1858135 11570 
111 1869705 11488 
112 1881193 11452 
113 1892645 11325 
114 1903970 11294 
115 1915264 11264 
116 1926528 11276 
117 1937804 11241 
118 1949045 11165 
119 1960210 11203 
120 1971413 11020 
121 1982433 11024 
122 1993457 11000 
123 2004457 10977 
124 2015434 10961 
125 2026395 10942 
126 2037337 10938 
127 2048275 10859 
128 2059134 10827 
129 2069961 10791 
130 2080752 10724 
131 2091476 10706 
132 2102182 10748 
133 2112930 10660 
134 2123590 10599 
135 2134189 10554 
136 2144743 10510 
137 2155253 10529 
138 2165782 10462 
139 2176244 10463 
140 2186707 10517 
141 2197224 10454 
142 2207678 10427 
143 2218105 10278 
144 2228383 10198 
145 2238581 10205 
146 2248786 10177 
147 2258963 10155 
148 2269118 10142 
149 2279260 10155 
150 2289415 10151 
151 2299566 10123 
152 2309689 10088 
153 2319777 10089 
154 2329866 10101 
155 2339967 10027 
156 2349994 10016 
157 2360010 9999 
158 2370009 9961 
159 2379970 9988 
160 2389958 9964 
161 2399922 9922 
162 2409844 9920 
163 2419764 9869 
164 2429633 9896 
165 2439529 9789 
166 2449318 9779 
167 2459097 9782 
168 2468879 9805 
169 2478684 9757 
170 2488441 9741 
171 2498182 9695 
172 2507877 9708 
173 2517585 9710 
174 2527295 9658 
175 2536953 9674 
176 2546627 9664 
177 2556291 9696 
178 2565987 9669 
179 2575656 9646 
180 2585302 9639 
181 2594941 9648 
182 2604589 9629 
183 2614218 9618 
184 2623836 9634 
185 2633470 9588 
186 2643058 9605 
187 2652663 9605 
188 2662268 9582 
189 2671850 9532 
190 2681382 9538 
191 2690920 9540 
192 2700460 9525 
193 2709985 9480 
194 2719465 9466 
195 2728931 9462 
196 2738393 9417 
197 2747810 9425 
198 2757235 9365 
199 2766600 9380 
200 2775980 9308 
201 2785288 9335 
202 2794623 9272 
203 2803895 9221 
204 2813116 9239 
205 2822355 9208 
206 2831563 9236 
207 2840799 9179 
208 2849978 9206 
209 2859184 9141 
210 2868325 9170 
211 2877495 9131 
212 2886626 9104 
213 2895730 9106 
214 2904836 9084 
215 2913920 9080 
216 2923000 9078 
217 2932078 9085 
218 2941163 9060 
219 2950223 9098 
220 2959321 9065 
221 2968386 9042 
222 2977428 9044 
223 2986472 9043 
224 2995515 9031 
225 3004546 8962 
226 3013508 8966 
227 3022474 8967 
228 3031441 8952 
229 3040393 8957 
230 3049350 8956 
231 3058306 9003 
232 3067309 8920 
233 3076229 8930 
234 3085159 8937 
235 3094096 8903 
236 3102999 8923 
237 3111922 8889 
238 3120811 8855 
239 3129666 8870 
240 3138536 8881 
241 3147417 8842 
242 3156259 8873 
243 3165132 8836 
244 3173968 8811 
245 3182779 8813 
246 3191592 8775 
247 3200367 8792 
248 3209159 8770 
249 3217929 8783 
250 3226712 8733 
251 3235445 8730 
252 3244175 8731 
253 3252906 8736 
254 3261642 8658 
255 3270300 8647 
256 3278947 8631 
257 3287578 8580 
258 3296158 8572 
259 3304730 8582 
260 3313312 8599 
261 3321911 8584 
262 3330495 8585 
263 3339080 8572 
264 3347652 8525 
265 3356177 8530 
266 3364707 8507 
267 3373214 8497 
268 3381711 8492 
269 3390203 8517 
270 3398720 8498 
271 3407218 8437 
272 3415655 8418 
273 3424073 8423 
274 3432496 8423 
275 3440919 8395 
276 3449314 8412 
277 3457726 8408 
278 3466134 8421 
279 3474555 8346 
280 3482901 8367 
281 3491268 8371 
282 3499639 8336 
283 3507975 8304 
284 3516279 8321 
285 3524600 8287 
286 3532887 8277 
287 3541164 8282 
288 3549446 8235 
289 3557681 8234 
290 3565915 8210 
291 3574125 8232 
292 3582357 8191 
293 3590548 8200 
294 3598748 8229 
295 3606977 8175 
296 3615152 8185 
297 3623337 8157 
298 3631494 8180 
299 3639674 8156 
300 3647830 8172 
301 3656002 8130 
302 3664132 8133 
303 3672265 8116 
304 3680381 8145 
305 3688526 8088 
306 3696614 8097 
307 3704711 8094 
308 3712805 8086 
309 3720891 8116 
310 3729007 8074 
311 3737081 8048 
312 3745129 8036 
313 3753165 8016 
314 3761181 8058 
315 3769239 8012 
316 3777251 8029 
317 3785280 8023 
318 3793303 7987 
319 3801290 7962 
320 3809252 7988 
321 3817240 7974 
322 3825214 7960 
323 3833174 7939 
324 3841113 7964 
325 3849077 7918 
326 3856995 7939 
327 3864934 7917 
328 3872851 7900 
329 3880751 7936 
330 3888687 7926 
331 3896613 7898 
332 3904511 7876 
333 3912387 7890 
334 3920277 7863 
335 3928140 7837 
336 3935977 7837 
337 3943814 7832 
338 3951646 7813 
339 3959459 7788 
340 3967247 7784 
341 3975031 7801 
342 3982832 7777 
343 3990609 7801 
344 3998410 7755 
345 4006165 7802 
346 4013967 7725 
347 4021692 7704 
348 4029396 7714 
349 4037110 7702 
350 4044812 7699 
351 4052511 7702 
352 4060213 7710 
353 4067923 7688 
354 4075611 7672 
355 4083283 7639 
356 4090922 7623 
357 4098545 7625 
358 4106170 7660 
359 4113830 7667 
360 4121497 7594 
361 4129091 7586 
362 4136677 7635 
363 4144312 7602 
364 4151914 7607 
365 4159521 7588 
366 4167109 7569 
367 4174678 7572 
368 4182250 7545 
369 4189795 7531 
370 4197326 7546 
371 4204872 7530 
372 4212402 7531 
373 4219933 7556 
374 4227489 7487 
375 4234976 7451 
376 4242427 7457 
377 4249884 7432 
378 4257316 7403 
379 4264719 7417 
380 4272136 7429 
381 4279565 7427 
382 4286992 7436 
383 4294428 7412 
384 4301840 7429 
385 4309269 7421 
386 4316690 7407 
387 4324097 7395 
388 4331492 7375 
389 4338867 7365 
390 4346232 7366 
391 4353598 7387 
392 4360985 7369 
393 4368354 7348 
394 4375702 7343 
395 4383045 7323 
396 4390368 7297 
397 4397665 7302 
398 4404967 7318 
399 4412285 7305 
400 4419590 7319 
401 4426909 7280 
402 4434189 7251 
403 4441440 7277 
404 4448717 7280 
405 4455997 7201 
406 4463198 7194 
407 4470392 7232 
408 4477624 7199 
409 4484823 7213 
410 4492036 7147 
411 4499183 7151 
412 4506334 7176 
413 4513510 7153 
414 4520663 7162 
415 4527825 7137 
416 4534962 7108 
417 4542070 7079 
418 4549149 7062 
419 4556211 7067 
420 4563278 7026 
421 4570304 7072 
422 4577376 7020 
423 4584396 7013 
424 4591409 7048 
425 4598457 7021 
426 4605478 7000 
427 4612478 6994 
428 4619472 7013 
429 4626485 7021 
430 4633506 6988 
431 4640494 6979 
432 4647473 6955 
433 4654428 6969 
434 4661397 6970 
435 4668367 6950 
436 4675317 6918 
437 4682235 6930 
438 4689165 6891 
439 4696056 6894 
440 4702950 6902 
441 4709852 6888 
442 4716740 6894 
443 4723634 6868 
444 4730502 6876 
445 4737378 6873 
446 4744251 6897 
447 4751148 6856 
448 4758004 6829 
449 4764833 6837 
450 4771670 6798 
451 4778468 6811 
452 4785279 6803 
453 4792082 6799 
454 4798881 6789 
455 4805670 6772 
456 4812442 6801 
457 4819243 6750 
458 4825993 6774 
459 4832767 6778 
460 4839545 6769 
461 4846314 6767 
462 4853081 6739 
463 4859820 6720 
464 4866540 6691 
465 4873231 6705 
466 4879936 6715 
467 4886651 6692 
468 4893343 6666 
469 4900009 6684 
470 4906693 6638 
471 4913331 6632 
472 4919963 6646 
473 4926609 6605 
474 4933214 6619 
475 4939833 6584 
476 4946417 6606 
477 4953023 6579 
478 4959602 6579 
479 4966181 6557 
480 4972738 6564 
481 4979302 6539 
482 4985841 6534 
483 4992375 6536 
484 4998911 6519 
485 5005430 6553 
486 5011983 6507 
487 5018490 6507 
488 5024997 6498 
489 5031495 6485 
490 5037980 6505 
491 5044485 6472 
492 5050957 6495 
493 5057452 6484 
494 5063936 6477 
495 5070413 6504 
496 5076917 6463 
497 5083380 6458 
498 5089838 6474 
499 5096312 6439 
500 5102751 6480 
501 5109231 6434 
502 5115665 6429 
503 5122094 6428 
504 5128522 6441 
505 5134963 6427 
506 5141390 6425 
507 5147815 6437 
508 5154252 6430 
509 5160682 6394 
510 5167076 6401 
511 5173477 6384 
512 5179861 6367 
513 5186228 6386 
514 5192614 6383 
515 5198997 6391 
516 5205388 6369 
517 5211757 6365 
518 5218122 6370 
519 5224492 6356 
520 5230848 6374 
521 5237222 6346 
522 5243568 6343 
523 5249911 6352 
524 5256263 6359 
525 5262622 6354 
526 5268976 6376 
527 5275352 6371 
528 5281723 6302 
529 5288025 6321 
530 5294346 6396 
531 5300742 6303 
532 5307045 6328 
533 5313373 6334 
534 5319707 6330 
535 5326037 6316 
536 5332353 6288 
537 5338641 6327 
538 5344968 6292 
539 5351260 6303 
540 5357563 6295 
541 5363858 6294 
542 5370152 6273 
543 5376425 6261 
544 5382686 6290 
545 5388976 6298 
546 5395274 6249 
547 5401523 6257 
548 5407780 6207 
549 5413987 6246 
550 5420233 6238 
551 5426471 6222 
552 5432693 6193 
553 5438886 6174 
554 5445060 6182 
555 5451242 6232 
556 5457474 6165 
557 5463639 6166 
558 5469805 6136 
559 5475941 6117 
560 5482058 6108 
561 5488166 6162 
562 5494328 6090 
563 5500418 6089 
564 5506507 6088 
565 5512595 6085 
566 5518680 6083 
567 5524763 6089 
568 5530852 6044 
569 5536896 6060 
570 5542956 6026 
571 5548982 6030 
572 5555012 6029 
573 5561041 5995 
574 5567036 5961 
575 5572997 5997 
576 5578994 5962 
577 5584956 5962 
578 5590918 5944 
579 5596862 5930 
580 5602792 5939 
581 5608731 5995 
582 5614726 5911 
583 5620637 5939 
584 5626576 5910 
585 5632486 5964 
586 5638450 5892 
587 5644342 5899 
588 5650241 5887 
589 5656128 5884 
590 5662012 5893 
591 5667905 5891 
592 5673796 5885 
593 5679681 5853 
594 5685534 5847 
595 5691381 5880 
596 5697261 5838 
597 5703099 5843 
598 5708942 5813 
599 5714755 5832 
600 5720587 5840 
601 5726427 5816 
602 5732243 5807 
603 5738050 5804 
604 5743854 5813 
605 5749667 5810 
606 5755477 5828 
607 5761305 5817 
608 5767122 5791 
609 5772913 5816 
610 5778729 5787 
611 5784516 5783 
612 5790299 5769 
613 5796068 5802 
614 5801870 5792 
615 5807662 5765 
616 5813427 5729 
617 5819156 5754 
618 5824910 5784 
619 5830694 5759 
620 5836453 5759 
621 5842212 5727 
622 5847939 5717 
623 5853656 5751 
624 5859407 5700 
625 5865107 5747 
626 5870854 5696 
627 5876550 5690 
628 5882240 5699 
629 5887939 5696 
630 5893635 5699 
631 5899334 5694 
632 5905028 5661 
633 5910689 5706 
634 5916395 5690 
635 5922085 5706 
636 5927791 5676 
637 5933467 5647 
638 5939114 5680 
639 5944794 5685 
640 5950479 5621 
641 5956100 5607 
642 5961707 5613 
643 5967320 5626 
644 5972946 5618 
645 5978564 5595 
646 5984159 5579 
647 5989738 5573 
648 5995311 5580 
649 6000891 5548 
650 6006439 5544 
651 6011983 5557 
652 6017540 5521 
653 6023061 5559 
654 6028620 5537 
655 6034157 5494 
656 6039651 5560 
657 6045211 5501 
658 6050712 5534 
659 6056246 5498 
660 6061744 5542 
661 6067286 5512 
662 6072798 5501 
663 6078299 5540 
664 6083839 5496 
665 6089335 5493 
666 6094828 5514 
667 6100342 5563 
668 6105905 5490 
669 6111395 5493 
670 6116888 5450 
671 6122338 5476 
672 6127814 5453 
673 6133267 5478 
674 6138745 5456 
675 6144201 5415 
676 6149616 5458 
677 6155074 5456 
678 6160530 5427 
679 6165957 5453 
680 6171410 5481 
681 6176891 5470 
682 6182361 5414 
683 6187775 5417 
684 6193192 5421 
685 6198613 5429 
686 6204042 5420 
687 6209462 5469 
688 6214931 5444 
689 6220375 5389 
690 6225764 5446 
691 6231210 5414 
692 6236624 5377 
693 6242001 5428 
694 6247429 5376 
695 6252805 5405 
696 6258210 5371 
697 6263581 5379 
698 6268960 5377 
699 6274337 5384 
700 6279721 5382 
701 6285103 5361 
702 6290464 5391 
703 6295855 5359 
704 6301214 5356 
705 6306570 5327 
706 6311897 5337 
707 6317234 5318 
708 6322552 5322 
709 6327874 5337 
710 6333211 5373 
711 6338584 5319 
712 6343903 5304 
713 6349207 5320 
714 6354527 5322 
715 6359849 5282 
716 6365131 5338 
717 6370469 5300 
718 6375769 5324 
719 6381093 5262 
720 6386355 5281 
721 6391636 5275 
722 6396911 5261 
723 6402172 5265 
724 6407437 5252 
725 6412689 5247 
726 6417936 5285 
727 6423221 5244 
728 6428465 5257 
729 6433722 5260 
730 6438982 5261 
731 6444243 5259 
732 6449502 5252 
733 6454754 5224 
734 6459978 5219 
735 6465197 5196 
736 6470393 5201 
737 6475594 5228 
738 6480822 5204 
739 6486026 5202 
740 6491228 5201 
741 6496429 5183 
742 6501612 5172 
743 6506784 5200 
744 6511984 5165 
745 6517149 5182 
746 6522331 5140 
747 6527471 5106 
748 6532577 5154 
749 6537731 5149 
750 6542880 5124 
751 6548004 5133 
752 6553137 5117 
753 6558254 5094 
754 6563348 5106 
755 6568454 5105 
756 6573559 5144 
757 6578703 5099 
758 6583802 5133 
759 6588935 5086 
760 6594021 5119 
761 6599140 5091 
762 6604231 5115 
763 6609346 5039 
764 6614385 5076 
765 6619461 5066 
766 6624527 5093 
767 6629620 5047 
768 6634667 5021 
769 6639688 5110 
770 6644798 5001 
771 6649799 5008 
772 6654807 5002 
773 6659809 5025 
774 6664834 5012 
775 6669846 5014 
776 6674860 4994 
777 6679854 5018 
778 6684872 5009 
779 6689881 4966 
780 6694847 4988 
781 6699835 5003 
782 6704838 4973 
783 6709811 4969 
784 6714780 4952 
785 6719732 4964 
786 6724696 4972 
787 6729668 4950 
788 6734618 4947 
789 6739565 4906 
790 6744471 4924 
791 6749395 4879 
792 6754274 4895 
793 6759169 4969 
794 6764138 4934 
795 6769072 4877 
796 6773949 4885 
797 6778834 4848 
798 6783682 4839 
799 6788521 4856 
800 6793377 4839 
801 6798216 4849 
802 6803065 4861 
803 6807926 4851 
804 6812777 4796 
805 6817573 4832 
806 6822405 4830 
807 6827235 4832 
808 6832067 4830 
809 6836897 4819 
810 6841716 4784 
811 6846500 4812 
812 6851312 4808 
813 6856120 4794 
814 6860914 4786 
815 6865700 4819 
816 6870519 4811 
817 6875330 4792 
818 6880122 4783 
819 6884905 4807 
820 6889712 4773 
821 6894485 4797 
822 6899282 4794 
823 6904076 4786 
824 6908862 4769 
825 6913631 4773 
826 6918404 4753 
827 6923157 4731 
828 6927888 4774 
829 6932662 4730 
830 6937392 4717 
831 6942109 4774 
832 6946883 4747 
833 6951630 4733 
834 6956363 4741 
835 6961104 4749 
836 6965853 4704 
837 6970557 4747 
838 6975304 4707 
839 6980011 4729 
840 6984740 4696 
841 6989436 4702 
842 6994138 4703 
843 6998841 4672 
844 7003513 4673 
845 7008186 4684 
846 7012870 4718 
847 7017588 4697 
848 7022285 4692 
849 7026977 4670 
850 7031647 4697 
851 7036344 4698 
852 7041042 4692 
853 7045734 4667 
854 7050401 4708 
855 7055109 4656 
856 7059765 4675 
857 7064440 4638 
858 7069078 4639 
859 7073717 4654 
860 7078371 4701 
861 7083072 4646 
862 7087718 4625 
863 7092343 4625 
864 7096968 4621 
865 7101589 4639 
866 7106228 4638 
867 7110866 4620 
868 7115486 4601 
869 7120087 4605 
870 7124692 4600 
871 7129292 4598 
872 7133890 4629 
873 7138519 4630 
874 7143149 4589 
875 7147738 4582 
876 7152320 4608 
877 7156928 4617 
878 7161545 4579 
879 7166124 4576 
880 7170700 4574 
881 7175274 4596 
882 7179870 4571 
883 7184441 4595 
884 7189036 4589 
885 7193625 4586 
886 7198211 4567 
887 7202778 4589 
888 7207367 4560 
889 7211927 4547 
890 7216474 4537 
891 7221011 4546 
892 7225557 4509 
893 7230066 4507 
894 7234573 4484 
895 7239057 4512 
896 7243569 4504 
897 7248073 4517 
898 7252590 4549 
899 7257139 4506 
900 7261645 4517 
901 7266162 4524 
902 7270686 4491 
903 7275177 4499 
904 7279676 4498 
905 7284174 4493 
906 7288667 4478 
907 7293145 4464 
908 7297609 4469 
909 7302078 4446 
910 7306524 4479 
911 7311003 4488 
912 7315491 4467 
913 7319958 4441 
914 7324399 4451 
915 7328850 4464 
916 7333314 4488 
917 7337802 4448 
918 7342250 4444 
919 7346694 4458 
920 7351152 4443 
921 7355595 4414 
922 7360009 4440 
923 7364449 4442 
924 7368891 4427 
925 7373318 4389 
926 7377707 4440 
927 7382147 4394 
928 7386541 4404 
929 7390945 4403 
930 7395348 4427 
931 7399775 4418 
932 7404193 4405 
933 7408598 4407 
934 7413005 4398 
935 7417403 4370 
936 7421773 4380 
937 7426153 4376 
938 7430529 4377 
939 7434906 4384 
940 7439290 4392 
941 7443682 4409 
942 7448091 4404 
943 7452495 4381 
944 7456876 4389 
945 7461265 4337 
946 7465602 4365 
947 7469967 4377 
948 7474344 4373 
949 7478717 4405 
950 7483122 4380 
951 7487502 4376 
952 7491878 4334 
953 7496212 4331 
954 7500543 4340 
955 7504883 4406 
956 7509289 4315 
957 7513604 4338 
958 7517942 4332 
959 7522274 4331 
960 7526605 4318 
961 7530923 4311 
962 7535234 4321 
963 7539555 4318 
964 7543873 4305 
965 7548178 4285 
966 7552463 4292 
967 7556755 4280 
968 7561035 4272 
969 7565307 4322 
970 7569629 4311 
971 7573940 4301 
972 7578241 4296 
973 7582537 4272 
974 7586809 4295 
975 7591104 4257 
976 7595361 4260 
977 7599621 4243 
978 7603864 4273 
979 7608137 4237 
980 7612374 4254 
981 7616628 4231 
982 7620859 4249 
983 7625108 4222 
984 7629330 4233 
985 7633563 4231 
986 7637794 4225 
987 7642019 4223 
988 7646242 4250 
989 7650492 4211 
990 7654703 4235 
991 7658938 4199 
992 7663137 4196 
993 7667333 4234 
994 7671567 4240 
995 7675807 4224 
996 7680031 4202 
997 7684233 4184 
998 7688417 4200 
999 7692617 4177 
1000 7696794 4219 
1001 7701013 4168 
1002 7705181 4181 
1003 7709362 4192 
1004 7713554 4182 
1005 7717736 4198 
1006 7721934 4176 
1007 7726110 4164 
1008 7730274 4170 
1009 7734444 4145 
1010 7738589 4171 
1011 7742760 4153 
1012 7746913 4152 
1013 7751065 4165 
1014 7755230 4137 
1015 7759367 4164 
1016 7763531 4128 
1017 7767659 4111 
1018 7771770 4178 
1019 7775948 4162 
1020 7780110 4116 
1021 7784226 4138 
1022 7788364 4114 
1023 7792478 4107 
1024 7796585 4104 
1025 7800689 4102 
1026 7804791 4083 
1027 7808874 4090 
1028 7812964 4072 
1029 7817036 4113 
1030 7821149 4064 
1031 7825213 4052 
1032 7829265 4112 
1033 7833377 4055 
1034 7837432 4049 
1035 7841481 4050 
1036 7845531 4069 
1037 7849600 4087 
1038 7853687 4060 
1039 7857747 4077 
1040 7861824 4097 
1041 7865921 4073 
1042 7869994 4104 
1043 7874098 4052 
1044 7878150 4066 
1045 7882216 4067 
1046 7886283 4032 
1047 7890315 4026 
1048 7894341 4048 
1049 7898389 4030 
1050 7902419 4066 
1051 7906485 4036 
1052 7910521 4055 
1053 7914576 4053 
1054 7918629 4071 
1055 7922700 4058 
1056 7926758 4023 
1057 7930781 4034 
1058 7934815 4039 
1059 7938854 4046 
1060 7942900 4020 
1061 7946920 4028 
1062 7950948 4037 
1063 7954985 4076 
1064 7959061 4017 
1065 7963078 4011 
1066 7967089 3987 
1067 7971076 3986 
1068 7975062 3978 
1069 7979040 4009 
1070 7983049 4009 
1071 7987058 4004 
1072 7991062 3965 
1073 7995027 4006 
1074 7999033 4016 
1075 8003049 3997 
1076 8007046 3985 
1077 8011031 3993 
1078 8015024 4004 
1079 8019028 3948 
1080 8022976 3978 
1081 8026954 3963 
1082 8030917 3961 
1083 8034878 3954 
1084 8038832 3934 
1085 8042766 3931 
1086 8046697 3975 
1087 8050672 3951 
1088 8054623 3970 
1089 8058593 3922 
1090 8062515 3931 
1091 8066446 3902 
1092 8070348 3936 
1093 8074284 3942 
1094 8078226 3977 
1095 8082203 3918 
1096 8086121 3960 
1097 8090081 3931 
1098 8094012 3906 
1099 8097918 3884 
1100 8101802 3921 
1101 8105723 3916 
1102 8109639 3917 
1103 8113556 3930 
1104 8117486 3903 
1105 8121389 3898 
1106 8125287 3896 
1107 8129183 3875 
1108 8133058 3874 
1109 8136932 3846 
1110 8140778 3867 
1111 8144645 3896 
1112 8148541 3851 
1113 8152392 3894 
1114 8156286 3893 
1115 8160179 3879 
1116 8164058 3875 
1117 8167933 3856 
1118 8171789 3876 
1119 8175665 3884 
1120 8179549 3900 
1121 8183449 3839 
1122 8187288 3840 
1123 8191128 3851 
1124 8194979 3846 
1125 8198825 3823 
1126 8202648 3830 
1127 8206478 3838 
1128 8210316 3854 
1129 8214170 3875 
1130 8218045 3809 
1131 8221854 3838 
1132 8225692 3825 
1133 8229517 3813 
1134 8233330 3823 
1135 8237153 3850 
1136 8241003 3878 
1137 8244881 3823 
1138 8248704 3818 
1139 8252522 3830 
1140 8256352 3836 
1141 8260188 3798 
1142 8263986 3849 
1143 8267835 3796 
1144 8271631 3793 
1145 8275424 3817 
1146 8279241 3802 
1147 8283043 3805 
1148 8286848 3804 
1149 8290652 3808 
1150 8294460 3803 
1151 8298263 3797 
1152 8302060 3792 
1153 8305852 3786 
1154 8309638 3831 
1155 8313469 3791 
1156 8317260 3787 
1157 8321047 3788 
1158 8324835 3810 
1159 8328645 3806 
1160 8332451 3821 
1161 8336272 3762 
1162 8340034 3775 
1163 8343809 3777 
1164 8347586 3765 
1165 8351351 3772 
1166 8355123 3745 
1167 8358868 3758 
1168 8362626 3768 
1169 8366394 3748 
1170 8370142 3767 
1171 8373909 3771 
1172 8377680 3793 
1173 8381473 3757 
1174 8385230 3760 
1175 8388990 3746 
1176 8392736 3725 
1177 8396461 3760 
1178 8400221 3804 
1179 8404025 3743 
1180 8407768 3748 
1181 8411516 3715 
1182 8415231 3742 
1183 8418973 3749 
1184 8422722 3768 
1185 8426490 3717 
1186 8430207 3724 
1187 8433931 3722 
1188 8437653 3748 
1189 8441401 3693 
1190 8445094 3721 
1191 8448815 3719 
1192 8452534 3707 
1193 8456241 3684 
1194 8459925 3702 
1195 8463627 3725 
1196 8467352 3697 
1197 8471049 3714 
1198 8474763 3678 
1199 8478441 3702 
1200 8482143 3717 
1201 8485860 3692 
1202 8489552 3693 
1203 8493245 3693 
1204 8496938 3684 
1205 8500622 3650 
1206 8504272 3677 
1207 8507949 3680 
1208 8511629 3659 
1209 8515288 3687 
1210 8518975 3677 
1211 8522652 3652 
1212 8526304 3671 
1213 8529975 3659 
1214 8533634 3644 
1215 8537278 3636 
1216 8540914 3634 
1217 8544548 3661 
1218 8548209 3663 
1219 8551872 3655 
1220 8555527 3677 
1221 8559204 3677 
1222 8562881 3682 
1223 8566563 3641 
1224 8570204 3675 
1225 8573879 3658 
1226 8577537 3615 
1227 8581152 3636 
1228 8584788 3615 
1229 8588403 3641 
1230 8592044 3618 
1231 8595662 3628 
1232 8599290 3646 
1233 8602936 3654 
1234 8606590 3628 
1235 8610218 3611 
1236 8613829 3597 
1237 8617426 3624 
1238 8621050 3620 
1239 8624670 3623 
1240 8628293 3622 
1241 8631915 3596 
1242 8635511 3577 
1243 8639088 3590 
1244 8642678 3631 
1245 8646309 3595 
1246 8649904 3568 
1247 8653472 3597 
1248 8657069 3596 
1249 8660665 3589 
1250 8664254 3628 
1251 8667882 3576 
1252 8671458 3600 
1253 8675058 3574 
1254 8678632 3592 
1255 8682224 3583 
1256 8685807 3570 
1257 8689377 3560 
1258 8692937 3587 
1259 8696524 3583 
1260 8700107 3547 
1261 8703654 3583 
1262 8707237 3586 
1263 8710823 3545 
1264 8714368 3605 
1265 8717973 3562 
1266 8721535 3541 
1267 8725076 3554 
1268 8728630 3545 
1269 8732175 3543 
1270 8735718 3555 
1271 8739273 3536 
1272 8742809 3559 
1273 8746368 3527 
1274 8749895 3547 
1275 8753442 3538 
1276 8756980 3536 
1277 8760516 3518 
1278 8764034 3540 
1279 8767574 3549 
1280 8771123 3526 
1281 8774649 3517 
1282 8778166 3521 
1283 8781687 3495 
1284 8785182 3515 
1285 8788697 3510 
1286 8792207 3487 
1287 8795694 3527 
1288 8799221 3552 
1289 8802773 3524 
1290 8806297 3512 
1291 8809809 3505 
1292 8813314 3496 
1293 8816810 3499 
1294 8820309 3515 
1295 8823824 3506 
1296 8827330 3480 
1297 8830810 3467 
1298 8834277 3481 
1299 8837758 3517 
1300 8841275 3490 
1301 8844765 3506 
1302 8848271 3473 
1303 8851744 3492 
1304 8855236 3506 
1305 8858742 3481 
1306 8862223 3483 
1307 8865706 3452 
1308 8869158 3464 
1309 8872622 3460 
1310 8876082 3446 
1311 8879528 3465 
1312 8882993 3435 
1313 8886428 3444 
1314 8889872 3465 
1315 8893337 3457 
1316 8896794 3431 
1317 8900225 3477 
1318 8903702 3466 
1319 8907168 3472 
1320 8910640 3462 
1321 8914102 3469 
1322 8917571 3462 
1323 8921033 3503 
1324 8924536 3449 
1325 8927985 3425 
1326 8931410 3432 
1327 8934842 3413 
1328 8938255 3461 
1329 8941716 3430 
1330 8945146 3414 
1331 8948560 3400 
1332 8951960 3421 
1333 8955381 3419 
1334 8958800 3437 
1335 8962237 3430 
1336 8965667 3422 
1337 8969089 3418 
1338 8972507 3402 
1339 8975909 3421 
1340 8979330 3368 
1341 8982698 3424 
1342 8986122 3395 
1343 8989517 3398 
1344 8992915 3382 
1345 8996297 3372 
1346 8999669 3432 
1347 9003101 3405 
1348 9006506 3376 
1349 9009882 3400 
1350 9013282 3371 
1351 9016653 3386 
1352 9020039 3398 
1353 9023437 3385 
1354 9026822 3348 
1355 9030170 3410 
1356 9033580 3358 
1357 9036938 3426 
1358 9040364 3320 
1359 9043684 3364 
1360 9047048 3376 
1361 9050424 3388 
1362 9053812 3386 
1363 9057198 3376 
1364 9060574 3355 
1365 9063929 3360 
1366 9067289 3355 
1367 9070644 3338 
1368 9073982 3361 
1369 9077343 3341 
1370 9080684 3338 
1371 9084022 3352 
1372 9087374 3380 
1373 9090754 3367 
1374 9094121 3351 
1375 9097472 3359 
1376 9100831 3342 
1377 9104173 3327 
1378 9107500 3341 
1379 9110841 3315 
1380 9114156 3341 
1381 9117497 3277 
1382 9120774 3303 
1383 9124077 3317 
1384 9127394 3311 
1385 9130705 3308 
1386 9134013 3304 
1387 9137317 3314 
1388 9140631 3344 
1389 9143975 3322 
1390 9147297 3309 
1391 9150606 3300 
1392 9153906 3285 
1393 9157191 3286 
1394 9160477 3282 
1395 9163759 3320 
1396 9167079 3247 
1397 9170326 3288 
1398 9173614 3320 
1399 9176934 3338 
1400 9180272 3276 
1401 9183548 3284 
1402 9186832 3301 
1403 9190133 3271 
1404 9193404 3279 
1405 9196683 3300 
1406 9199983 3284 
1407 9203267 3258 
1408 9206525 3255 
1409 9209780 3260 
1410 9213040 3250 
1411 9216290 3267 
1412 9219557 3262 
1413 9222819 3245 
1414 9226064 3240 
1415 9229304 3233 
1416 9232537 3222 
1417 9235759 3212 
1418 9238971 3229 
1419 9242200 3209 
1420 9245409 3238 
1421 9248647 3234 
1422 9251881 3190 
1423 9255071 3222 
1424 9258293 3214 
1425 9261507 3224 
1426 9264731 3241 
1427 9267972 3233 
1428 9271205 3178 
1429 9274383 3215 
1430 9277598 3207 
1431 9280805 3186 
1432 9283991 3175 
1433 9287166 3188 
1434 9290354 3170 
1435 9293524 3160 
1436 9296684 3203 
1437 9299887 3183 
1438 9303070 3164 
1439 9306234 3184 
1440 9309418 3180 
1441 9312598 3205 
1442 9315803 3164 
1443 9318967 3192 
1444 9322159 3187 
1445 9325346 3175 
1446 9328521 3165 
1447 9331686 3141 
1448 9334827 3131 
1449 9337958 3170 
1450 9341128 3146 
1451 9344274 3133 
1452 9347407 3137 
1453 9350544 3150 
1454 9353694 3133 
1455 9356827 3132 
1456 9359959 3136 
1457 9363095 3144 
1458 9366239 3140 
1459 9369379 3157 
1460 9372536 3123 
1461 9375659 3134 
1462 9378793 3120 
1463 9381913 3155 
1464 9385068 3136 
1465 9388204 3116 
1466 9391320 3100 
1467 9394420 3132 
1468 9397552 3122 
1469 9400674 3147 
1470 9403821 3124 
1471 9406945 3103 
1472 9410048 3091 
1473 9413139 3128 
1474 9416267 3103 
1475 9419370 3092 
1476 9422462 3097 
1477 9425559 3117 
1478 9428676 3097 
1479 9431773 3063 
1480 9434836 3081 
1481 9437917 3102 
1482 9441019 3100 
1483 9444119 3079 
1484 9447198 3086 
1485 9450284 3098 
1486 9453382 3106 
1487 9456488 3065 
1488 9459553 3055 
1489 9462608 3091 
1490 9465699 3059 
1491 9468758 3081 
1492 9471839 3053 
1493 9474892 3047 
1494 9477939 3094 
1495 9481033 3081 
1496 9484114 3079 
1497 9487193 3055 
1498 9490248 3084 
1499 9493332 3022 
1500 9496354 3054 
1501 9499408 3039 
1502 9502447 3051 
1503 9505498 3024 
1504 9508522 3035 
1505 9511557 3041 
1506 9514598 3024 
1507 9517622 3075 
1508 9520697 3010 
1509 9523707 3035 
1510 9526742 3039 
1511 9529781 3015 
1512 9532796 3027 
1513 9535823 3006 
1514 9538829 3044 
1515 9541873 2996 
1516 9544869 3008 
1517 9547877 3039 
1518 9550916 3038 
1519 9553954 2994 
1520 9556948 2999 
1521 9559947 3030 
1522 9562977 2990 
1523 9565967 3003 
1524 9568970 2993 
1525 9571963 2973 
1526 9574936 2979 
1527 9577915 2977 
1528 9580892 2973 
1529 9583865 3037 
1530 9586902 2957 
1531 9589859 2978 
1532 9592837 2954 
1533 9595791 3009 
1534 9598800 2974 
1535 9601774 2966 
1536 9604740 2963 
1537 9607703 2947 
1538 9610650 2974 
1539 9613624 2951 
1540 9616575 2976 
1541 9619551 2963 
1542 9622514 2984 
1543 9625498 2966 
1544 9628464 2960 
1545 9631424 2950 
1546 9634374 2959 
1547 9637333 2970 
1548 9640303 2960 
1549 9643263 2959 
1550 9646222 2962 
1551 9649184 2927 
1552 9652111 2962 
1553 9655073 2968 
1554 9658041 2955 
1555 9660996 2984 
1556 9663980 2956 
1557 9666936 2943 
1558 9669879 2925 
1559 9672804 2935 
1560 9675739 2936 
1561 9678675 2917 
1562 9681592 2905 
1563 9684497 2903 
1564 9687400 2921 
1565 9690321 2935 
1566 9693256 2889 
1567 9696145 2909 
1568 9699054 2922 
1569 9701976 2894 
1570 9704870 2891 
1571 9707761 2914 
1572 9710675 2890 
1573 9713565 2887 
1574 9716452 2907 
1575 9719359 2942 
1576 9722301 2912 
1577 9725213 2907 
1578 9728120 2872 
1579 9730992 2892 
1580 9733884 2914 
1581 9736798 2895 
1582 9739693 2893 
1583 9742586 2858 
1584 9745444 2901 
1585 9748345 2860 
1586 9751205 2851 
1587 9754056 2860 
1588 9756916 2910 
1589 9759826 2865 
1590 9762691 2853 
1591 9765544 2873 
1592 9768417 2839 
1593 9771256 2860 
1594 9774116 2830 
1595 9776946 2836 
1596 9779782 2870 
1597 9782652 2861 
1598 9785513 2827 
1599 9788340 2836 
1600 9791176 2865 
1601 9794041 2830 
1602 9796871 2841 
1603 9799712 2834 
1604 9802546 2840 
1605 9805386 2840 
1606 9808226 2878 
1607 9811104 2860 
1608 9813964 2821 
1609 9816785 2826 
1610 9819611 2826 
1611 9822437 2847 
1612 9825284 2871 
1613 9828155 2795 
1614 9830950 2808 
1615 9833758 2853 
1616 9836611 2826 
1617 9839437 2906 
1618 9842343 2816 
1619 9845159 2789 
1620 9847948 2819 
1621 9850767 2807 
1622 9853574 2811 
1623 9856385 2798 
1624 9859183 2854 
1625 9862037 2815 
1626 9864852 2828 
1627 9867680 2801 
1628 9870481 2819 
1629 9873300 2773 
1630 9876073 2783 
1631 9878856 2785 
1632 9881641 2792 
1633 9884433 2757 
1634 9887190 2801 
1635 9889991 2775 
1636 9892766 2772 
1637 9895538 2776 
1638 9898314 2758 
1639 9901072 2803 
1640 9903875 2803 
1641 9906678 2752 
1642 9909430 2783 
1643 9912213 2760 
1644 9914973 2760 
1645 9917733 2738 
1646 9920471 2744 
1647 9923215 2765 
1648 9925980 2762 
1649 9928742 2741 
1650 9931483 2748 
1651 9934231 2728 
1652 9936959 2773 
1653 9939732 2773 
1654 9942505 2736 
1655 9945241 2721 
1656 9947962 2752 
1657 9950714 2724 
1658 9953438 2737 
1659 9956175 2744 
1660 9958919 2748 
1661 9961667 2704 
1662 9964371 2729 
1663 9967100 2718 
1664 9969818 2719 
1665 9972537 2790 
1666 9975327 2700 
1667 9978027 2708 
1668 9980735 2701 
1669 9983436 2730 
1670 9986166 2718 
1671 9988884 2709 
1672 9991593 2722 
1673 9994315 2715 
1674 9997030 2702 
1675 9999732 2696 
1676 10002428 2726 
1677 10005154 2747 
1678 10007901 2703 
1679 10010604 2695 
1680 10013299 2689 
1681 10015988 2689 
1682 10018677 2682 
1683 10021359 2670 
1684 10024029 2703 
1685 10026732 2714 
1686 10029446 2715 
1687 10032161 2682 
1688 10034843 2663 
1689 10037506 2700 
1690 10040206 2696 
1691 10042902 2713 
1692 10045615 2693 
1693 10048308 2680 
1694 10050988 2692 
1695 10053680 2679 
1696 10056359 2671 
1697 10059030 2660 
1698 10061690 2679 
1699 10064369 2670 
1700 10067039 2676 
1701 10069715 2634 
1702 10072349 2666 
1703 10075015 2643 
1704 10077658 2654 
1705 10080312 2686 
1706 10082998 2648 
1707 10085646 2668 
1708 10088314 2634 
1709 10090948 2636 
1710 10093584 2621 
1711 10096205 2635 
1712 10098840 2632 
1713 10101472 2620 
1714 10104092 2637 
1715 10106729 2624 
1716 10109353 2614 
1717 10111967 2630 
1718 10114597 2663 
1719 10117260 2629 
1720 10119889 2651 
1721 10122540 2627 
1722 10125167 2621 
1723 10127788 2647 
1724 10130435 2613 
1725 10133048 2601 
1726 10135649 2625 
1727 10138274 2628 
1728 10140902 2614 
1729 10143516 2614 
1730 10146130 2617 
1731 10148747 2599 
1732 10151346 2646 
1733 10153992 2599 
1734 10156591 2603 
1735 10159194 2589 
1736 10161783 2604 
1737 10164387 2630 
1738 10167017 2613 
1739 10169630 2590 
1740 10172220 2582 
1741 10174802 2616 
1742 10177418 2613 
1743 10180031 2602 
1744 10182633 2594 
1745 10185227 2609 
1746 10187836 2592 
1747 10190428 2586 
1748 10193014 2587 
1749 10195601 2590 
1750 10198191 2595 
1751 10200786 2565 
1752 10203351 2600 
1753 10205951 2680 
1754 10208631 2546 
1755 10211177 2588 
1756 10213765 2559 
1757 10216324 2553 
1758 10218877 2579 
1759 10221456 2576 
1760 10224032 2557 
1761 10226589 2592 
1762 10229181 2579 
1763 10231760 2557 
1764 10234317 2552 
1765 10236869 2563 
1766 10239432 2546 
1767 10241978 2566 
1768 10244544 2552 
1769 10247096 2577 
1770 10249673 2555 
1771 10252228 2580 
1772 10254808 2597 
1773 10257405 2590 
1774 10259995 2533 
1775 10262528 2536 
1776 10265064 2520 
1777 10267584 2547 
1778 10270131 2570 
1779 10272701 2566 
1780 10275267 2532 
1781 10277799 2539 
1782 10280338 2568 
1783 10282906 2540 
1784 10285446 2505 
1785 10287951 2546 
1786 10290497 2520 
1787 10293017 2530 
1788 10295547 2532 
1789 10298079 2540 
1790 10300619 2550 
1791 10303169 2518 
1792 10305687 2555 
1793 10308242 2527 
1794 10310769 2542 
1795 10313311 2533 
1796 10315844 2499 
1797 10318343 2506 
1798 10320849 2516 
1799 10323365 2511 
1800 10325876 2517 
1801 10328393 2496 
1802 10330889 2499 
1803 10333388 2483 
1804 10335871 2537 
1805 10338408 2511 
1806 10340919 2473 
1807 10343392 2480 
1808 10345872 2490 
1809 10348362 2509 
1810 10350871 2535 
1811 10353406 2510 
1812 10355916 2472 
1813 10358388 2514 
1814 10360902 2478 
1815 10363380 2487 
1816 10365867 2475 
1817 10368342 2473 
1818 10370815 2490 
1819 10373305 2503 
1820 10375808 2466 
1821 10378274 2484 
1822 10380758 2488 
1823 10383246 2508 
1824 10385754 2481 
1825 10388235 2487 
1826 10390722 2504 
1827 10393226 2487 
1828 10395713 2446 
1829 10398159 2481 
1830 10400640 2447 
1831 10403087 2432 
1832 10405519 2461 
1833 10407980 2477 
1834 10410457 2448 
1835 10412905 2451 
1836 10415356 2451 
1837 10417807 2470 
1838 10420277 2467 
1839 10422744 2435 
1840 10425179 2418 
1841 10427597 2448 
1842 10430045 2437 
1843 10432482 2411 
1844 10434893 2404 
1845 10437297 2449 
1846 10439746 2407 
1847 10442153 2447 
1848 10444600 2422 
1849 10447022 2440 
1850 10449462 2435 
1851 10451897 2442 
1852 10454339 2424 
1853 10456763 2437 
1854 10459200 2440 
1855 10461640 2422 
1856 10464062 2444 
1857 10466506 2410 
1858 10468916 2415 
1859 10471331 2396 
1860 10473727 2413 
1861 10476140 2385 
1862 10478525 2396 
1863 10480921 2402 
1864 10483323 2379 
1865 10485702 2399 
1866 10488101 2406 
1867 10490507 2438 
1868 10492945 2376 
1869 10495321 2408 
1870 10497729 2391 
1871 10500120 2399 
1872 10502519 2402 
1873 10504921 2407 
1874 10507328 2367 
1875 10509695 2377 
1876 10512072 2386 
1877 10514458 2403 
1878 10516861 2385 
1879 10519246 2394 
1880 10521640 2376 
1881 10524016 2376 
1882 10526392 2372 
1883 10528764 2355 
1884 10531119 2348 
1885 10533467 2352 
1886 10535819 2348 
1887 10538167 2370 
1888 10540537 2363 
1889 10542900 2337 
1890 10545237 2369 
1891 10547606 2351 
1892 10549957 2353 
1893 10552310 2352 
1894 10554662 2341 
1895 10557003 2367 
1896 10559370 2401 
1897 10561771 2362 
1898 10564133 2372 
1899 10566505 2338 
1900 10568843 2337 
1901 10571180 2325 
1902 10573505 2329 
1903 10575834 2362 
1904 10578196 2307 
1905 10580503 2339 
1906 10582842 2310 
1907 10585152 2328 
1908 10587480 2326 
1909 10589806 2311 
1910 10592117 2339 
1911 10594456 2320 
1912 10596776 2294 
1913 10599070 2314 
1914 10601384 2288 
1915 10603672 2319 
1916 10605991 2318 
1917 10608309 2292 
1918 10610601 2297 
1919 10612898 2298 
1920 10615196 2307 
1921 10617503 2305 
1922 10619808 2295 
1923 10622103 2292 
1924 10624395 2266 
1925 10626661 2309 
1926 10628970 2301 
1927 10631271 2299 
1928 10633570 2310 
1929 10635880 2274 
1930 10638154 2268 
1931 10640422 2329 
1932 10642751 2244 
1933 10644995 2255 
1934 10647250 2258 
1935 10649508 2263 
1936 10651771 2261 
1937 10654032 2239 
1938 10656271 2268 
1939 10658539 2283 
1940 10660822 2261 
1941 10663083 2264 
1942 10665347 2229 
1943 10667576 2250 
1944 10669826 2249 
1945 10672075 2226 
1946 10674301 2222 
1947 10676523 2250 
1948 10678773 2217 
1949 10680990 2242 
1950 10683232 2217 
1951 10685449 2239 
1952 10687688 2203 
1953 10689891 2233 
1954 10692124 2208 
1955 10694332 2198 
1956 10696530 2222 
1957 10698752 2217 
1958 10700969 2201 
1959 10703170 2243 
1960 10705413 2221 
1961 10707634 2233 
1962 10709867 2218 
1963 10712085 2204 
1964 10714289 2195 
1965 10716484 2191 
1966 10718675 2204 
1967 10720879 2187 
1968 10723066 2212 
1969 10725278 2242 
1970 10727520 2236 
1971 10729756 2195 
1972 10731951 2189 
1973 10734140 2170 
1974 10736310 2229 
1975 10738539 2195 
1976 10740734 2214 
1977 10742948 2180 
1978 10745128 2167 
1979 10747295 2216 
1980 10749511 2206 
1981 10751717 2171 
1982 10753888 2199 
1983 10756087 2153 
1984 10758240 2184 
1985 10760424 2169 
1986 10762593 2176 
1987 10764769 2168 
1988 10766937 2171 
1989 10769108 2170 
1990 10771278 2169 
1991 10773447 2147 
1992 10775594 2170 
1993 10777764 2161 
1994 10779925 2155 
1995 10782080 2151 
1996 10784231 2179 
1997 10786410 2156 
1998 10788566 2172 
1999 10790738 2194 
2000 10792932 2152 
2001 10795084 2143 
2002 10797227 2144 
2003 10799371 2164 
2004 10801535 2152 
2005 10803687 2168 
2006 10805855 2202 
2007 10808057 2158 
2008 10810215 2162 
2009 10812377 2132 
2010 10814509 2138 
2011 10816647 2123 
2012 10818770 2131 
2013 10820901 2141 
2014 10823042 2142 
2015 10825184 2160 
2016 10827344 2155 
2017 10829499 2123 
2018 10831622 2105 
2019 10833727 2110 
2020 10835837 2094 
2021 10837931 2087 
2022 10840018 2142 
2023 10842160 2107 
2024 10844267 2095 
2025 10846362 2113 
2026 10848475 2138 
2027 10850613 2105 
2028 10852718 2090 
2029 10854808 2091 
2030 10856899 2089 
2031 10858988 2105 
2032 10861093 2089 
2033 10863182 2114 
2034 10865296 2098 
2035 10867394 2121 
2036 10869515 2066 
2037 10871581 2105 
2038 10873686 2118 
2039 10875804 2083 
2040 10877887 2095 
2041 10879982 2109 
2042 10882091 2106 
2043 10884197 2085 
2044 10886282 2079 
2045 10888361 2099 
2046 10890460 2078 
2047 10892538 2081 
2048 10894619 2099 
2049 10896718 2075 
2050 10898793 2088 
2051 10900881 2088 
2052 10902969 2066 
2053 10905035 2058 
2054 10907093 2045 
2055 10909138 2060 
2056 10911198 2068 
2057 10913266 2075 
2058 10915341 2078 
2059 10917419 2134 
2060 10919553 2051 
2061 10921604 2088 
2062 10923692 2035 
2063 10925727 2048 
2064 10927775 2053 
2065 10929828 2036 
2066 10931864 2082 
2067 10933946 2047 
2068 10935993 2059 
2069 10938052 2077 
2070 10940129 2057 
2071 10942186 2051 
2072 10944237 2009 
2073 10946246 2065 
2074 10948311 2048 
2075 10950359 1994 
2076 10952353 2030 
2077 10954383 2037 
2078 10956420 2014 
2079 10958434 2056 
2080 10960490 2010 
2081 10962500 1998 
2082 10964498 1976 
2083 10966474 2037 
2084 10968511 2035 
2085 10970546 2012 
2086 10972558 2020 
2087 10974578 2017 
2088 10976595 2022 
2089 10978617 2012 
2090 10980629 2000 
2091 10982629 2019 
2092 10984648 2011 
2093 10986659 2018 
2094 10988677 1996 
2095 10990673 2008 
2096 10992681 1984 
2097 10994665 1981 
2098 10996646 1967 
2099 10998613 1996 
2100 11000609 1969 
2101 11002578 1964 
2102 11004542 1965 
2103 11006507 1991 
2104 11008498 1973 
2105 11010471 1998 
2106 11012469 1992 
2107 11014461 1965 
2108 11016426 1957 
2109 11018383 1994 
2110 11020377 1979 
2111 11022356 1983 
2112 11024339 1974 
2113 11026313 1957 
2114 11028270 1979 
2115 11030249 1955 
2116 11032204 1954 
2117 11034158 1965 
2118 11036123 1959 
2119 11038082 1933 
2120 11040015 1970 
2121 11041985 1936 
2122 11043921 1922 
2123 11045843 1939 
2124 11047782 1935 
2125 11049717 1932 
2126 11051649 1936 
2127 11053585 1966 
2128 11055551 1948 
2129 11057499 1944 
2130 11059443 1915 
2131 11061358 1940 
2132 11063298 1951 
2133 11065249 1924 
2134 11067173 1946 
2135 11069119 1953 
2136 11071072 1970 
2137 11073042 1937 
2138 11074979 1910 
2139 11076889 1894 
2140 11078783 1952 
2141 11080735 1936 
2142 11082671 1912 
2143 11084583 1921 
2144 11086504 1906 
2145 11088410 1927 
2146 11090337 1934 
2147 11092271 1896 
2148 11094167 1904 
2149 11096071 1910 
2150 11097981 1917 
2151 11099898 1919 
2152 11101817 1902 
2153 11103719 1910 
2154 11105629 1890 
2155 11107519 1877 
2156 11109396 1867 
2157 11111263 1941 
2158 11113204 1879 
2159 11115083 1911 
2160 11116994 1885 
2161 11118879 1887 
2162 11120766 1872 
2163 11122638 1887 
2164 11124525 1848 
2165 11126373 1889 
2166 11128262 1868 
2167 11130130 1857 
2168 11131987 1875 
2169 11133862 1881 
2170 11135743 1874 
2171 11137617 1875 
2172 11139492 1869 
2173 11141361 1897 
2174 11143258 1889 
2175 11145147 1873 
2176 11147020 1839 
2177 11148859 1871 
2178 11150730 1875 
2179 11152605 1846 
2180 11154451 1869 
2181 11156320 1873 
2182 11158193 1838 
2183 11160031 1878 
2184 11161909 1866 
2185 11163775 1840 
2186 11165615 1838 
2187 11167453 1851 
2188 11169304 1857 
2189 11171161 1871 
2190 11173032 1829 
2191 11174861 1863 
2192 11176724 1849 
2193 11178573 1835 
2194 11180408 1838 
2195 11182246 1843 
2196 11184089 1817 
2197 11185906 1852 
2198 11187758 1797 
2199 11189555 1837 
2200 11191392 1828 
2201 11193220 1857 
2202 11195077 1817 
2203 11196894 1837 
2204 11198731 1852 
2205 11200583 1848 
2206 11202431 1814 
2207 11204245 1812 
2208 11206057 1815 
2209 11207872 1828 
2210 11209700 1808 
2211 11211508 1803 
2212 11213311 1806 
2213 11215117 1815 
2214 11216932 1825 
2215 11218757 1768 
2216 11220525 1803 
2217 11222328 1782 
2218 11224110 1791 
2219 11225901 1806 
2220 11227707 1795 
2221 11229502 1792 
2222 11231294 1794 
2223 11233088 1806 
2224 11234894 1772 
2225 11236666 1778 
2226 11238444 1809 
2227 11240253 1814 
2228 11242067 1783 
2229 11243850 1769 
2230 11245619 1784 
2231 11247403 1791 
2232 11249194 1801 
2233 11250995 1788 
2234 11252783 1786 
2235 11254569 1812 
2236 11256381 1788 
2237 11258169 1743 
2238 11259912 1793 
2239 11261705 1799 
2240 11263504 1760 
2241 11265264 1776 
2242 11267040 1797 
2243 11268837 1781 
2244 11270618 1762 
2245 11272380 1776 
2246 11274156 1757 
2247 11275913 1802 
2248 11277715 1764 
2249 11279479 1790 
2250 11281269 1756 
2251 11283025 1787 
2252 11284812 1760 
2253 11286572 1754 
2254 11288326 1751 
2255 11290077 1744 
2256 11291821 1743 
2257 11293564 1777 
2258 11295341 1765 
2259 11297106 1742 
2260 11298848 1748 
2261 11300596 1756 
2262 11302352 1749 
2263 11304101 1753 
2264 11305854 1726 
2265 11307580 1758 
2266 11309338 1777 
2267 11311115 1761 
2268 11312876 1744 
2269 11314620 1728 
2270 11316348 1730 
2271 11318078 1746 
2272 11319824 1710 
2273 11321534 1703 
2274 11323237 1728 
2275 11324965 1717 
2276 11326682 1718 
2277 11328400 1760 
2278 11330160 1723 
2279 11331883 1690 
2280 11333573 1750 
2281 11335323 1735 
2282 11337058 1711 
2283 11338769 1692 
2284 11340461 1711 
2285 11342172 1717 
2286 11343889 1715 
2287 11345604 1704 
2288 11347308 1708 
2289 11349016 1701 
2290 11350717 1714 
2291 11352431 1707 
2292 11354138 1717 
2293 11355855 1730 
2294 11357585 1686 
2295 11359271 1690 
2296 11360961 1700 
2297 11362661 1690 
2298 11364351 1657 
2299 11366008 1681 
2300 11367689 1675 
2301 11369364 1685 
2302 11371049 1659 
2303 11372708 1688 
2304 11374396 1675 
2305 11376071 1694 
2306 11377765 1682 
2307 11379447 1669 
2308 11381116 1657 
2309 11382773 1657 
2310 11384430 1658 
2311 11386088 1655 
2312 11387743 1666 
2313 11389409 1662 
2314 11391071 1663 
2315 11392734 1689 
2316 11394423 1632 
2317 11396055 1631 
2318 11397686 1651 
2319 11399337 1645 
2320 11400982 1665 
2321 11402647 1665 
2322 11404312 1629 
2323 11405941 1656 
2324 11407597 1662 
2325 11409259 1632 
2326 11410891 1641 
2327 11412532 1710 
2328 11414242 1637 
2329 11415879 1619 
2330 11417498 1664 
2331 11419162 1703 
2332 11420865 1630 
2333 11422495 1644 
2334 11424139 1617 
2335 11425756 1643 
2336 11427399 1600 
2337 11428999 1619 
2338 11430618 1643 
2339 11432261 1641 
2340 11433902 1623 
2341 11435525 1647 
2342 11437172 1647 
2343 11438819 1615 
2344 11440434 1615 
2345 11442049 1605 
2346 11443654 1667 
2347 11445321 1633 
2348 11446954 1615 
2349 11448569 1643 
2350 11450212 1639 
2351 11451851 1599 
2352 11453450 1634 
2353 11455084 1613 
2354 11456697 1603 
2355 11458300 1631 
2356 11459931 1615 
2357 11461546 1603 
2358 11463149 1623 
2359 11464772 1606 
2360 11466378 1653 
2361 11468031 1598 
2362 11469629 1606 
2363 11471235 1588 
2364 11472823 1621 
2365 11474444 1610 
2366 11476054 1590 
2367 11477644 1581 
2368 11479225 1569 
2369 11480794 1624 
2370 11482418 1614 
2371 11484032 1576 
2372 11485608 1606 
2373 11487214 1578 
2374 11488792 1603 
2375 11490395 1573 
2376 11491968 1581 
2377 11493549 1589 
2378 11495138 1587 
2379 11496725 1561 
2380 11498286 1569 
2381 11499855 1608 
2382 11501463 1571 
2383 11503034 1594 
2384 11504628 1594 
2385 11506222 1565 
2386 11507787 1572 
2387 11509359 1575 
2388 11510934 1580 
2389 11512514 1552 
2390 11514066 1551 
2391 11515617 1551 
2392 11517168 1548 
2393 11518716 1552 
2394 11520268 1553 
2395 11521821 1545 
2396 11523366 1601 
2397 11524967 1546 
2398 11526513 1557 
2399 11528070 1551 
2400 11529621 1544 
2401 11531165 1531 
2402 11532696 1572 
2403 11534268 1514 
2404 11535782 1534 
2405 11537316 1556 
2406 11538872 1542 
2407 11540414 1540 
2408 11541954 1560 
2409 11543514 1522 
2410 11545036 1515 
2411 11546551 1522 
2412 11548073 1581 
2413 11549654 1520 
2414 11551174 1543 
2415 11552717 1544 
2416 11554261 1497 
2417 11555758 1507 
2418 11557265 1531 
2419 11558796 1525 
2420 11560321 1499 
2421 11561820 1504 
2422 11563324 1508 
2423 11564832 1499 
2424 11566331 1513 
2425 11567844 1529 
2426 11569373 1533 
2427 11570906 1500 
2428 11572406 1513 
2429 11573919 1527 
2430 11575446 1547 
2431 11576993 1540 
2432 11578533 1511 
2433 11580044 1506 
2434 11581550 1489 
2435 11583039 1498 
2436 11584537 1476 
2437 11586013 1502 
2438 11587515 1476 
2439 11588991 1497 
2440 11590488 1491 
2441 11591979 1513 
2442 11593492 1469 
2443 11594961 1519 
2444 11596480 1514 
2445 11597994 1506 
2446 11599500 1500 
2447 11601000 1524 
2448 11602524 1473 
2449 11603997 1472 
2450 11605469 1494 
2451 11606963 1478 
2452 11608441 1504 
2453 11609945 1469 
2454 11611414 1478 
2455 11612892 1468 
2456 11614360 1497 
2457 11615857 1505 
2458 11617362 1476 
2459 11618838 1492 
2460 11620330 1480 
2461 11621810 1474 
2462 11623284 1470 
2463 11624754 1477 
2464 11626231 1472 
2465 11627703 1481 
2466 11629184 1463 
2467 11630647 1451 
2468 11632098 1446 
2469 11633544 1454 
2470 11634998 1428 
2471 11636426 1469 
2472 11637895 1422 
2473 11639317 1436 
2474 11640753 1396 
2475 11642149 1436 
2476 11643585 1415 
2477 11645000 1425 
2478 11646425 1407 
2479 11647832 1430 
2480 11649262 1459 
2481 11650721 1416 
2482 11652137 1466 
2483 11653603 1443 
2484 11655046 1404 
2485 11656450 1422 
2486 11657872 1430 
2487 11659302 1453 
2488 11660755 1439 
2489 11662194 1421 
2490 11663615 1426 
2491 11665041 1471 
2492 11666512 1438 
2493 11667950 1421 
2494 11669371 1386 
2495 11670757 1396 
2496 11672153 1393 
2497 11673546 1407 
2498 11674953 1409 
2499 11676362 1383 
2500 11677745 1387 
2501 11679132 1410 
2502 11680542 1428 
2503 11681970 1374 
2504 11683344 1363 
2505 11684707 1416 
2506 11686123 1385 
2507 11687508 1388 
2508 11688896 1384 
2509 11690280 1378 
2510 11691658 1391 
2511 11693049 1395 
2512 11694444 1390 
2513 11695834 1361 
2514 11697195 1378 
2515 11698573 1365 
2516 11699938 1353 
2517 11701291 1362 
2518 11702653 1402 
2519 11704055 1371 
2520 11705426 1378 
2521 11706804 1362 
2522 11708166 1333 
2523 11709499 1353 
2524 11710852 1368 
2525 11712220 1344 
2526 11713564 1364 
2527 11714928 1355 
2528 11716283 1355 
2529 11717638 1389 
2530 11719027 1380 
2531 11720407 1335 
2532 11721742 1348 
2533 11723090 1367 
2534 11724457 1341 
2535 11725798 1327 
2536 11727125 1352 
2537 11728477 1352 
2538 11729829 1325 
2539 11731154 1336 
2540 11732490 1342 
2541 11733832 1322 
2542 11735154 1355 
2543 11736509 1345 
2544 11737854 1351 
2545 11739205 1355 
2546 11740560 1355 
2547 11741915 1323 
2548 11743238 1322 
2549 11744560 1320 
2550 11745880 1327 
2551 11747207 1285 
2552 11748492 1306 
2553 11749798 1291 
2554 11751089 1309 
2555 11752398 1310 
2556 11753708 1335 
2557 11755043 1310 
2558 11756353 1297 
2559 11757650 1279 
2560 11758929 1311 
2561 11760240 1288 
2562 11761528 1300 
2563 11762828 1305 
2564 11764133 1280 
2565 11765413 1306 
2566 11766719 1307 
2567 11768026 1318 
2568 11769344 1302 
2569 11770646 1297 
2570 11771943 1300 
2571 11773243 1306 
2572 11774549 1302 
2573 11775851 1293 
2574 11777144 1307 
2575 11778451 1297 
2576 11779748 1301 
2577 11781049 1284 
2578 11782333 1270 
2579 11783603 1271 
2580 11784874 1257 
2581 11786131 1283 
2582 11787414 1281 
2583 11788695 1271 
2584 11789966 1313 
2585 11791279 1285 
2586 11792564 1275 
2587 11793839 1276 
2588 11795115 1259 
2589 11796374 1260 
2590 11797634 1260 
2591 11798894 1252 
2592 11800146 1241 
2593 11801387 1262 
2594 11802649 1224 
2595 11803873 1252 
2596 11805125 1250 
2597 11806375 1274 
2598 11807649 1249 
2599 11808898 1259 
2600 11810157 1259 
2601 11811416 1258 
2602 11812674 1227 
2603 11813901 1233 
2604 11815134 1231 
2605 11816365 1223 
2606 11817588 1229 
2607 11818817 1262 
2608 11820079 1246 
2609 11821325 1244 
2610 11822569 1246 
2611 11823815 1241 
2612 11825056 1236 
2613 11826292 1241 
2614 11827533 1230 
2615 11828763 1220 
2616 11829983 1199 
2617 11831182 1251 
2618 11832433 1233 
2619 11833666 1208 
2620 11834874 1237 
2621 11836111 1223 
2622 11837334 1244 
2623 11838578 1210 
2624 11839788 1189 
2625 11840977 1227 
2626 11842204 1217 
2627 11843421 1234 
2628 11844655 1258 
2629 11845913 1249 
2630 11847162 1195 
2631 11848357 1213 
2632 11849570 1220 
2633 11850790 1243 
2634 11852033 1196 
2635 11853229 1201 
2636 11854430 1172 
2637 11855602 1217 
2638 11856819 1212 
2639 11858031 1211 
2640 11859242 1174 
2641 11860416 1185 
2642 11861601 1182 
2643 11862783 1215 
2644 11863998 1218 
2645 11865216 1171 
2646 11866387 1178 
2647 11867565 1161 
2648 11868726 1170 
2649 11869896 1215 
2650 11871111 1181 
2651 11872292 1215 
2652 11873507 1159 
2653 11874666 1172 
2654 11875838 1177 
2655 11877015 1198 
2656 11878213 1171 
2657 11879384 1189 
2658 11880573 1158 
2659 11881731 1151 
2660 11882882 1167 
2661 11884049 1141 
2662 11885190 1190 
2663 11886380 1155 
2664 11887535 1142 
2665 11888677 1155 
2666 11889832 1153 
2667 11890985 1141 
2668 11892126 1148 
2669 11893274 1146 
2670 11894420 1149 
2671 11895569 1139 
2672 11896708 1150 
2673 11897858 1125 
2674 11898983 1140 
2675 11900123 1132 
2676 11901255 1152 
2677 11902407 1144 
2678 11903551 1130 
2679 11904681 1135 
2680 11905816 1108 
2681 11906924 1105 
2682 11908029 1119 
2683 11909148 1140 
2684 11910288 1155 
2685 11911443 1124 
2686 11912567 1128 
2687 11913695 1130 
2688 11914825 1140 
2689 11915965 1143 
2690 11917108 1156 
2691 11918264 1143 
2692 11919407 1097 
2693 11920504 1121 
2694 11921625 1116 
2695 11922741 1113 
2696 11923854 1088 
2697 11924942 1094 
2698 11926036 1114 
2699 11927150 1117 
2700 11928267 1102 
2701 11929369 1088 
2702 11930457 1089 
2703 11931546 1108 
2704 11932654 1084 
2705 11933738 1079 
2706 11934817 1113 
2707 11935930 1079 
2708 11937009 1101 
2709 11938110 1089 
2710 11939199 1073 
2711 11940272 1105 
2712 11941377 1104 
2713 11942481 1117 
2714 11943598 1093 
2715 11944691 1089 
2716 11945780 1075 
2717 11946855 1075 
2718 11947930 1090 
2719 11949020 1057 
2720 11950077 1093 
2721 11951170 1069 
2722 11952239 1073 
2723 11953312 1072 
2724 11954384 1074 
2725 11955458 1084 
2726 11956542 1057 
2727 11957599 1099 
2728 11958698 1115 
2729 11959813 1061 
2730 11960874 1060 
2731 11961934 1048 
2732 11962982 1069 
2733 11964051 1062 
2734 11965113 1059 
2735 11966172 1037 
2736 11967209 1035 
2737 11968244 1046 
2738 11969290 1040 
2739 11970330 1072 
2740 11971402 1031 
2741 11972433 1046 
2742 11973479 1034 
2743 11974513 1055 
2744 11975568 1022 
2745 11976590 1034 
2746 11977624 997 
2747 11978621 1005 
2748 11979626 1037 
2749 11980663 1010 
2750 11981673 980 
2751 11982653 1003 
2752 11983656 1023 
2753 11984679 988 
2754 11985667 987 
2755 11986654 1014 
2756 11987668 985 
2757 11988653 989 
2758 11989642 1009 
2759 11990651 989 
2760 11991640 986 
2761 11992626 975 
2762 11993601 1027 
2763 11994628 999 
2764 11995627 983 
2765 11996610 977 
2766 11997587 973 
2767 11998560 1005 
2768 11999565 1018 
2769 12000583 953 
2770 12001536 1008 
2771 12002544 983 
2772 12003527 986 
2773 12004513 958 
2774 12005471 996 
2775 12006467 979 
2776 12007446 945 
2777 12008391 959 
2778 12009350 962 
2779 12010312 981 
2780 12011293 953 
2781 12012246 1000 
2782 12013246 945 
2783 12014191 978 
2784 12015169 954 
2785 12016123 952 
2786 12017075 928 
2787 12018003 963 
2788 12018966 944 
2789 12019910 940 
2790 12020850 942 
2791 12021792 927 
2792 12022719 919 
2793 12023638 933 
2794 12024571 967 
2795 12025538 933 
2796 12026471 990 
2797 12027461 932 
2798 12028393 932 
2799 12029325 926 
2800 12030251 943 
2801 12031194 931 
2802 12032125 936 
2803 12033061 936 
2804 12033997 934 
2805 12034931 913 
2806 12035844 934 
2807 12036778 937 
2808 12037715 906 
2809 12038621 903 
2810 12039524 900 
2811 12040424 898 
2812 12041322 898 
2813 12042220 917 
2814 12043137 916 
2815 12044053 895 
2816 12044948 886 
2817 12045834 885 
2818 12046719 885 
2819 12047604 945 
2820 12048549 872 
2821 12049421 912 
2822 12050333 910 
2823 12051243 875 
2824 12052118 874 
2825 12052992 884 
2826 12053876 879 
2827 12054755 917 
2828 12055672 863 
2829 12056535 857 
2830 12057392 868 
2831 12058260 870 
2832 12059130 875 
2833 12060005 835 
2834 12060840 868 
2835 12061708 838 
2836 12062546 857 
2837 12063403 818 
2838 12064221 837 
2839 12065058 842 
2840 12065900 849 
2841 12066749 859 
2842 12067608 829 
2843 12068437 834 
2844 12069271 822 
2845 12070093 819 
2846 12070912 843 
2847 12071755 838 
2848 12072593 818 
2849 12073411 829 
2850 12074240 797 
2851 12075037 818 
2852 12075855 825 
2853 12076680 797 
2854 12077477 818 
2855 12078295 806 
2856 12079101 803 
2857 12079904 801 
2858 12080705 858 
2859 12081563 824 
2860 12082387 801 
2861 12083188 799 
2862 12083987 793 
2863 12084780 801 
2864 12085581 786 
2865 12086367 770 
2866 12087137 794 
2867 12087931 752 
2868 12088683 768 
2869 12089451 778 
2870 12090229 757 
2871 12090986 798 
2872 12091784 807 
2873 12092591 783 
2874 12093374 741 
2875 12094115 756 
2876 12094871 773 
2877 12095644 736 
2878 12096380 778 
2879 12097158 755 
2880 12097913 751 
2881 12098664 730 
2882 12099394 751 
2883 12100145 726 
2884 12100871 742 
2885 12101613 718 
2886 12102331 763 
2887 12103094 759 
2888 12103853 720 
2889 12104573 728 
2890 12105301 726 
2891 12106027 746 
2892 12106773 699 
2893 12107472 708 
2894 12108180 719 
2895 12108899 692 
2896 12109591 733 
2897 12110324 694 
2898 12111018 670 
2899 12111688 687 
2900 12112375 642 
2901 12113017 687 
2902 12113704 689 
2903 12114393 681 
2904 12115074 686 
2905 12115760 722 
2906 12116482 674 
2907 12117156 627 
2908 12117783 743 
2909 12118526 730 
2910 12119256 662 
2911 12119918 665 
2912 12120583 664 
2913 12121247 664 
2914 12121911 655 
2915 12122566 707 
2916 12123273 742 
2917 12124015 665 
2918 12124680 691 
2919 12125371 667 
2920 12126038 690 
2921 12126728 652 
2922 12127380 664 
2923 12128044 631 
2924 12128675 664 
2925 12129339 663 
2926 12130002 660 
2927 12130662 694 
2928 12131356 722 
2929 12132078 672 
2930 12132750 711 
2931 12133461 660 
2932 12134121 681 
2933 12134802 648 
2934 12135450 664 
2935 12136114 660 
2936 12136774 667 
2937 12137441 645 
2938 12138086 657 
2939 12138743 642 
2940 12139385 689 
2941 12140074 684 
2942 12140758 683 
2943 12141441 660 
2944 12142101 660 
2945 12142761 675 
2946 12143436 666 
2947 12144102 669 
2948 12144771 663 
2949 12145434 693 
2950 12146127 673 
2951 12146800 650 
2952 12147450 663 
2953 12148113 641 
2954 12148754 647 
2955 12149401 641 
2956 12150042 677 
2957 12150719 681 
2958 12151400 675 
2959 12152075 663 
2960 12152738 663 
2961 12153401 675 
2962 12154076 672 
2963 12154748 672 
2964 12155420 693 
2965 12156113 722 
2966 12156835 665 
2967 12157500 659 
2968 12158159 695 
2969 12158854 722 
2970 12159576 687 
2971 12160263 687 
2972 12160950 711 
2973 12161661 675 
2974 12162336 662 
2975 12162998 685 
2976 12163683 677 
2977 12164360 635 
2978 12164995 641 
2979 12165636 668 
2980 12166304 650 
2981 12166954 662 
2982 12167616 665 
2983 12168281 674 
2984 12168955 662 
2985 12169617 662 
2986 12170279 650 
2987 12170929 692 
2988 12171621 697 
2989 12172318 660 
2990 12172978 649 
2991 12173627 700 
2992 12174327 646 
2993 12174973 649 
2994 12175622 727 
2995 12176349 676 
2996 12177025 672 
2997 12177697 667 
2998 12178364 692 
2999 12179056 670 
3000 12179726 721 
3001 12180447 671 
3002 12181118 718 
3003 12181836 670 
3004 12182506 656 
3005 12183162 686 
3006 12183848 698 
3007 12184546 698 
3008 12185244 692 
3009 12185936 656 
3010 12186592 684 
3011 12187276 662 
3012 12187938 686 
3013 12188624 677 
3014 12189301 718 
3015 12190019 652 
3016 12190671 670 
3017 12191341 682 
3018 12192023 667 
3019 12192690 667 
3020 12193357 652 
3021 12194009 637 
3022 12194646 691 
3023 12195337 692 
3024 12196029 671 
3025 12196700 692 
3026 12197392 658 
3027 12198050 691 
3028 12198741 675 
3029 12199416 707 
3030 12200123 675 
3031 12200798 691 
3032 12201489 670 
3033 12202159 682 
3034 12202841 706 
3035 12203547 706 
3036 12204253 659 
3037 12204912 721 
3038 12205633 658 
3039 12206291 685 
3040 12206976 687 
3041 12207663 684 
3042 12208347 658 
3043 12209005 654 
3044 12209659 648 
3045 12210307 645 
3046 12210952 661 
3047 12211613 645 
3048 12212258 648 
3049 12212906 639 
3050 12213545 657 
3051 12214202 644 
3052 12214846 669 
3053 12215515 636 
3054 12216151 693 
3055 12216844 654 
3056 12217498 642 
3057 12218140 667 
3058 12218807 672 
3059 12219479 674 
3060 12220153 705 
3061 12220858 701 
3062 12221559 696 
3063 12222255 660 
3064 12222915 698 
3065 12223613 641 
3066 12224254 698 
3067 12224952 685 
3068 12225637 690 
3069 12226327 660 
3070 12226987 725 
3071 12227712 661 
3072 12228373 702 
3073 12229075 699 
3074 12229774 647 
3075 12230421 627 
3076 12231048 670 
3077 12231718 632 
3078 12232350 659 
3079 12233009 631 
3080 12233640 647 
3081 12234287 656 
3082 12234943 660 
3083 12235603 636 
3084 12236239 634 
3085 12236873 635 
3086 12237508 661 
3087 12238169 662 
3088 12238831 659 
3089 12239490 668 
3090 12240158 673 
3091 12240831 716 
3092 12241547 686 
3093 12242233 711 
3094 12242944 646 
3095 12243590 711 
3096 12244301 678 
3097 12244979 677 
3098 12245656 716 
3099 12246372 689 
3100 12247061 695 
3101 12247756 713 
3102 12248469 694 
3103 12249163 689 
3104 12249852 671 
3105 12250523 659 
3106 12251182 665 
3107 12251847 682 
3108 12252529 677 
3109 12253206 658 
3110 12253864 686 
3111 12254550 674 
3112 12255224 649 
3113 12255873 681 
3114 12256554 649 
3115 12257203 660 
3116 12257863 642 
3117 12258505 655 
3118 12259160 647 
3119 12259807 680 
3120 12260487 641 
3121 12261128 692 
3122 12261820 654 
3123 12262474 644 
3124 12263118 658 
3125 12263776 658 
3126 12264434 684 
3127 12265118 672 
3128 12265790 672 
3129 12266462 672 
3130 12267134 682 
3131 12267816 694 
3132 12268510 672 
3133 12269182 722 
3134 12269904 680 
3135 12270584 682 
3136 12271266 703 
3137 12271969 706 
3138 12272675 669 
3139 12273344 672 
3140 12274016 657 
3141 12274673 655 
3142 12275328 651 
3143 12275979 685 
3144 12276664 688 
3145 12277352 712 
3146 12278064 705 
3147 12278769 724 
3148 12279493 696 
3149 12280189 645 
3150 12280834 639 
3151 12281473 667 
3152 12282140 682 
3153 12282822 706 
3154 12283528 724 
3155 12284252 655 
3156 12284907 687 
3157 12285594 658 
3158 12286252 693 
3159 12286945 690 
3160 12287635 639 
3161 12288274 633 
3162 12288907 633 
3163 12289540 641 
3164 12290181 632 
3165 12290813 641 
3166 12291454 639 
3167 12292093 656 
3168 12292749 667 
3169 12293416 670 
3170 12294086 697 
3171 12294783 706 
3172 12295489 697 
3173 12296186 679 
3174 12296865 681 
3175 12297546 714 
3176 12298260 657 
3177 12298917 675 
3178 12299592 679 
3179 12300271 679 
3180 12300950 681 
3181 12301631 705 
3182 12302336 694 
3183 12303030 681 
3184 12303711 680 
3185 12304391 705 
3186 12305096 656 
3187 12305752 650 
3188 12306402 647 
3189 12307049 681 
3190 12307730 637 
3191 12308367 640 
3192 12309007 650 
3193 12309657 711 
3194 12310368 711 
3195 12311079 668 
3196 12311747 679 
3197 12312426 697 
3198 12313123 679 
3199 12313802 676 
3200 12314478 708 
3201 12315186 667 
3202 12315853 702 
3203 12316555 702 
3204 12317257 702 
3205 12317959 656 
3206 12318615 646 
3207 12319261 701 
3208 12319962 696 
3209 12320658 707 
3210 12321365 646 
3211 12322011 696 
3212 12322707 650 
3213 12323357 656 
3214 12324013 671 
3215 12324684 699 
3216 12325383 699 
3217 12326082 671 
3218 12326753 649 
3219 12327402 699 
3220 12328101 695 
3221 12328796 636 
3222 12329432 661 
3223 12330093 664 
3224 12330757 661 
3225 12331418 664 
3226 12332082 689 
3227 12332771 696 
3228 12333467 711 
3229 12334178 711 
3230 12334889 695 
3231 12335584 695 
3232 12336279 678 
3233 12336957 678 
3234 12337635 652 
3235 12338287 673 
3236 12338960 670 
3237 12339630 694 
3238 12340324 702 
3239 12341026 702 
3240 12341728 642 
3241 12342370 695 
3242 12343065 655 
3243 12343720 698 
3244 12344418 654 
3245 12345072 626 
3246 12345698 668 
3247 12346366 677 
3248 12347043 677 
3249 12347720 709 
3250 12348429 710 
3251 12349139 695 
3252 12349834 674 
3253 12350508 694 
3254 12351202 666 
3255 12351868 695 
3256 12352563 676 
3257 12353239 676 
3258 12353915 654 
3259 12354569 671 
3260 12355240 654 
3261 12355894 695 
3262 12356589 695 
3263 12357284 654 
3264 12357938 678 
3265 12358616 640 
3266 12359256 640 
3267 12359896 667 
3268 12360563 631 
3269 12361194 677 
3270 12361871 677 
3271 12362548 674 
3272 12363222 674 
3273 12363896 659 
3274 12364555 673 
3275 12365228 667 
3276 12365895 643 
3277 12366538 674 
3278 12367212 673 
3279 12367885 668 
3280 12368553 675 
3281 12369228 674 
3282 12369902 623 
3283 12370525 636 
3284 12371161 667 
3285 12371828 623 
3286 12372451 674 
3287 12373125 623 
3288 12373748 707 
3289 12374455 652 
3290 12375107 703 
3291 12375810 660 
3292 12376470 693 
3293 12377163 668 
3294 12377831 683 
3295 12378514 693 
3296 12379207 666 
3297 12379873 667 
3298 12380540 666 
3299 12381206 633 
3300 12381839 658 
3301 12382497 649 
3302 12383146 636 
3303 12383782 667 
3304 12384449 655 
3305 12385104 676 
3306 12385780 676 
3307 12386456 638 
3308 12387094 638 
3309 12387732 638 
3310 12388370 635 
3311 12389005 673 
3312 12389678 665 
3313 12390343 633 
3314 12390976 692 
3315 12391668 667 
3316 12392335 672 
3317 12393007 672 
3318 12393679 660 
3319 12394339 660 
3320 12394999 660 
3321 12395659 621 
3322 12396280 640 
3323 12396920 621 
3324 12397541 660 
3325 12398201 660 
3326 12398861 660 
3327 12399521 636 
3328 12400157 660 
3329 12400817 660 
3330 12401477 672 
3331 12402149 670 
3332 12402819 680 
3333 12403499 666 
3334 12404165 680 
3335 12404845 672 
3336 12405517 660 
3337 12406177 636 
3338 12406813 660 
3339 12407473 660 
3340 12408133 660 
3341 12408793 660 
3342 12409453 660 
3343 12410113 639 
3344 12410752 648 
3345 12411400 620 
3346 12412020 662 
3347 12412682 645 
3348 12413327 662 
3349 12413989 680 
3350 12414669 664 
3351 12415333 681 
3352 12416014 670 
3353 12416684 635 
3354 12417319 635 
3355 12417954 638 
3356 12418592 636 
3357 12419228 634 
3358 12419862 659 
3359 12420521 634 
3360 12421155 658 
3361 12421813 620 
3362 12422433 639 
3363 12423072 659 
3364 12423731 638 
3365 12424369 659 
3366 12425028 638 
3367 12425666 619 
3368 12426285 638 
3369 12426923 639 
3370 12427562 638 
3371 12428200 640 
3372 12428840 671 
3373 12429511 660 
3374 12430171 662 
3375 12430833 671 
3376 12431504 669 
3377 12432173 669 
3378 12432842 662 
3379 12433504 619 
3380 12434123 638 
3381 12434761 658 
3382 12435419 634 
3383 12436053 637 
3384 12436690 633 
3385 12437323 642 
3386 12437965 668 
3387 12438633 659 
3388 12439292 669 
3389 12439961 655 
3390 12440616 668 
3391 12441284 652 
3392 12441936 637 
3393 12442573 643 
3394 12443216 633 
3395 12443849 637 
3396 12444486 634 
3397 12445120 634 
3398 12445754 642 
3399 12446396 638 
3400 12447034 668 
3401 12447702 648 
3402 12448350 660 
3403 12449010 678 
3404 12449688 667 
3405 12450355 667 
3406 12451022 639 
3407 12451661 642 
3408 12452303 631 
3409 12452934 641 
3410 12453575 631 
3411 12454206 641 
3412 12454847 627 
3413 12455474 642 
3414 12456116 667 
3415 12456783 664 
3416 12457447 668 
3417 12458115 658 
3418 12458773 666 
3419 12459439 666 
3420 12460105 666 
3421 12460771 657 
3422 12461428 635 
3423 12462063 708 
3424 12462771 647 
3425 12463418 630 
3426 12464048 617 
3427 12464665 619 
3428 12465284 640 
3429 12465924 646 
3430 12466570 665 
3431 12467235 655 
3432 12467890 664 
3433 12468554 657 
3434 12469211 667 
3435 12469878 667 
3436 12470545 667 
3437 12471212 666 
3438 12471878 666 
3439 12472544 656 
3440 12473200 669 
3441 12473869 656 
3442 12474525 636 
3443 12475161 640 
3444 12475801 633 
3445 12476434 666 
3446 12477100 682 
3447 12477782 646 
3448 12478428 629 
3449 12479057 628 
3450 12479685 632 
3451 12480317 632 
3452 12480949 651 
3453 12481600 665 
3454 12482265 665 
3455 12482930 674 
3456 12483604 662 
3457 12484266 656 
3458 12484922 662 
3459 12485584 664 
3460 12486248 627 
3461 12486875 645 
3462 12487520 631 
3463 12488151 631 
3464 12488782 627 
3465 12489409 640 
3466 12490049 614 
3467 12490663 632 
3468 12491295 652 
3469 12491947 637 
3470 12492584 649 
3471 12493233 644 
3472 12493877 651 
3473 12494528 631 
3474 12495159 630 
3475 12495789 643 
3476 12496432 630 
3477 12497062 638 
3478 12497700 626 
3479 12498326 634 
3480 12498960 638 
3481 12499598 638 
3482 12500236 626 
3483 12500862 648 
3484 12501510 662 
3485 12502172 638 
3486 12502810 638 
3487 12503448 638 
3488 12504086 625 
3489 12504711 641 
3490 12505352 647 
3491 12505999 661 
3492 12506660 657 
3493 12507317 685 
3494 12508002 674 
3495 12508676 629 
3496 12509305 639 
3497 12509944 626 
3498 12510570 626 
3499 12511196 638 
3500 12511834 625 
3501 12512459 648 
3502 12513107 633 
3503 12513740 653 
3504 12514393 641 
3505 12515034 637 
3506 12515671 625 
3507 12516296 637 
3508 12516933 647 
3509 12517580 624 
3510 12518204 624 
3511 12518828 659 
3512 12519487 659 
3513 12520146 678 
3514 12520824 638 
3515 12521462 624 
3516 12522086 645 
3517 12522731 623 
3518 12523354 638 
3519 12523992 639 
3520 12524631 660 
3521 12525291 639 
3522 12525930 645 
3523 12526575 645 
3524 12527220 629 
3525 12527849 622 
3526 12528471 629 
3527 12529100 645 
3528 12529745 622 
3529 12530367 622 
3530 12530989 646 
3531 12531635 633 
3532 12532268 633 
3533 12532901 636 
3534 12533537 652 
3535 12534189 675 
3536 12534864 643 
3537 12535507 627 
3538 12536134 639 
3539 12536773 616 
3540 12537389 630 
3541 12538019 641 
3542 12538660 628 
3543 12539288 636 
3544 12539924 616 
3545 12540540 588 
3546 12541128 621 
3547 12541749 613 
3548 12542362 621 
3549 12542983 601 
3550 12543584 626 
3551 12544210 626 
3552 12544836 626 
3553 12545462 626 
3554 12546088 626 
3555 12546714 626 
3556 12547340 634 
3557 12547974 603 
3558 12548577 603 
3559 12549180 585 
3560 12549765 576 
3561 12550341 600 
3562 12550941 603 
3563 12551544 604 
3564 12552148 603 
3565 12552751 603 
3566 12553354 603 
3567 12553957 602 
3568 12554559 602 
3569 12555161 601 
3570 12555762 599 
3571 12556361 550 
3572 12556911 572 
3573 12557483 585 
3574 12558068 569 
3575 12558637 574 
3576 12559211 532 
3577 12559743 537 
3578 12560280 549 
3579 12560829 539 
3580 12561368 553 
3581 12561921 537 
3582 12562458 531 
3583 12562989 538 
3584 12563527 547 
3585 12564074 517 
3586 12564591 548 
3587 12565139 524 
3588 12565663 557 
3589 12566220 543 
3590 12566763 546 
3591 12567309 503 
3592 12567812 514 
3593 12568326 501 
3594 12568827 519 
3595 12569346 556 
3596 12569902 493 
3597 12570395 501 
3598 12570896 487 
3599 12571383 549 
3600 12571932 529 
3601 12572461 485 
3602 12572946 546 
3603 12573492 492 
3604 12573984 471 
3605 12574455 533 
3606 12574988 479 
3607 12575467 473 
3608 12575940 538 
3609 12576478 469 
3610 12576947 499 
3611 12577446 497 
3612 12577943 511 
3613 12578454 484 
3614 12578938 526 
3615 12579464 526 
3616 12579990 493 
3617 12580483 457 
3618 12580940 441 
3619 12581381 474 
3620 12581855 431 
3621 12582286 417 
3622 12582703 452 
3623 12583155 456 
3624 12583611 435 
3625 12584046 426 
3626 12584472 400 
3627 12584872 403 
3628 12585275 371 
3629 12585646 366 
3630 12586012 345 
3631 12586357 376 
3632 12586733 322 
3633 12587055 374 
3634 12587429 342 
3635 12587771 317 
3636 12588088 332 
3637 12588420 317 
3638 12588737 335 
3639 12589072 323 
3640 12589395 289 
3641 12589684 311 
3642 12589995 295 
3643 12590290 312 
